V\-(GS) - Plot 0	I\-(DS) - Plot 0	V\-(GS) - Plot 1	I\-(DS) - Plot 1	
8.04424E-5	1.31276E-8	8.04424E-5	-2.07543E-11	
-0.999971	8.04204E-9	-0.999971	-3.93677E-10	
-2	5.42024E-9	-2	-3.99268E-10	
-2.99954	3.34125E-9	-2.99954	-4.30799E-10	
-3.9997	2.18633E-9	-3.9997	-3.3071E-10	
-4.99949	1.68327E-9	-4.99949	-4.55689E-10	
-5.99957	1.31348E-9	-5.99957	-5.26404E-10	
-6.99942	1.80031E-9	-6.99942	-5.37813E-10	
-7.99964	1.81289E-9	-7.99964	-6.30021E-10	
-8.99943	2.66358E-9	-8.99943	-7.38752E-10	
-9.99965	4.4772E-9	-9.99965	-8.92568E-10	
-10.9998	6.56954E-9	-10.9998	-1.04426E-9	
-11.9997	8.6259E-9	-11.9997	-1.41609E-9	
-12.9999	1.22167E-8	-12.9999	-1.64092E-9	
-13.9997	1.60239E-8	-13.9997	-1.97518E-9	
-14.9999	2.08014E-8	-14.9999	-2.37366E-9	
-15.9997	2.60752E-8	-15.9997	-2.58898E-9	
-16.9998	3.24625E-8	-16.9998	-2.87764E-9	
-17.9997	3.96864E-8	-17.9997	-3.14262E-9	
-18.9998	4.76752E-8	-18.9998	-3.16143E-9	
-19.9996	5.64224E-8	-19.9996	-3.3619E-9	
-20.9984	6.65134E-8	-20.9984	-3.68316E-9	
-21.9989	7.76968E-8	-21.9989	-3.95607E-9	
-23	8.97982E-8	-23	-4.41164E-9	
-24.0004	1.0526E-7	-24.0004	-2.04315E-9	
-24.9975	1.15812E-7	-24.9975	-6.01895E-9	
-25.9979	1.30054E-7	-25.9979	-6.8316E-9	
-26.9982	1.4374E-7	-26.9982	-7.73035E-9	
-27.9988	1.61149E-7	-27.9988	-8.76927E-9	
-28.9994	1.77311E-7	-28.9994	-9.8984E-9	
-30.0001	1.94333E-7	-30.0001	-1.12191E-8	
-30.9976	2.12047E-7	-30.9976	-1.25474E-8	
-31.9977	2.30296E-7	-31.9977	-1.41541E-8	
-32.9975	2.49501E-7	-32.9975	-1.58925E-8	
-33.9991	2.68406E-7	-33.9991	-1.77318E-8	
-34.9996	2.86607E-7	-34.9996	-1.94817E-8	
-36.0006	3.07046E-7	-36.0006	-2.18274E-8	
-36.9977	3.29057E-7	-36.9977	-2.40493E-8	
-37.998	3.51195E-7	-37.998	-2.67083E-8	
-38.9985	3.71998E-7	-38.9985	-2.95653E-8	
-39.9991	3.9437E-7	-39.9991	-3.23934E-8	
-40.9991	4.1717E-7	-40.9991	-3.54306E-8	
-41.9998	4.40556E-7	-41.9998	-3.86881E-8	
-42.997	4.64192E-7	-42.997	-4.21476E-8	
-43.9979	4.8894E-7	-43.9979	-4.57974E-8	
-44.9983	5.14208E-7	-44.9983	-4.95807E-8	
-45.9989	5.38241E-7	-45.9989	-5.37908E-8	
-46.9994	5.64276E-7	-46.9994	-5.80853E-8	
-47.9998	5.89993E-7	-47.9998	-6.26539E-8	
-48.9976	6.1568E-7	-48.9976	-6.74207E-8	
-49.9977	6.43191E-7	-49.9977	-7.24006E-8	
-49.9976	6.40984E-7	-49.9976	-7.19356E-8	
-48.9971	6.14756E-7	-48.9971	-6.62124E-8	
-47.9993	5.86801E-7	-47.9993	-6.11785E-8	
-46.9995	5.59539E-7	-46.9995	-5.63593E-8	
-45.9989	5.31396E-7	-45.9989	-5.20887E-8	
-44.9985	5.0633E-7	-44.9985	-4.76353E-8	
-43.9982	4.80903E-7	-43.9982	-4.3625E-8	
-42.9973	4.54835E-7	-42.9973	-4.00082E-8	
-42.0001	4.31791E-7	-42.0001	-3.62121E-8	
-40.9995	4.07141E-7	-40.9995	-3.2936E-8	
-39.999	3.84757E-7	-39.999	-2.96626E-8	
-38.9983	3.61768E-7	-38.9983	-2.6872E-8	
-37.9983	3.40179E-7	-37.9983	-2.40169E-8	
-36.9976	3.15396E-7	-36.9976	-2.18171E-8	
-36.0005	2.96911E-7	-36.0005	-1.89508E-8	
-34.9998	2.77465E-7	-34.9998	-1.68844E-8	
-33.9988	2.56791E-7	-33.9988	-1.47217E-8	
-32.9985	2.38023E-7	-32.9985	-1.27597E-8	
-31.9982	2.18418E-7	-31.9982	-1.10943E-8	
-30.9913	1.99885E-7	-30.9913	-9.34505E-9	
-29.9904	1.81048E-7	-29.9904	-7.84395E-9	
-28.9875	1.64871E-7	-28.9875	-6.20413E-9	
-27.9989	1.49083E-7	-27.9989	-5.30139E-9	
-26.9985	1.33299E-7	-26.9985	-3.6162E-9	
-25.9985	1.18246E-7	-25.9985	-2.27776E-9	
-24.9975	1.04282E-7	-24.9975	-1.23556E-9	
-24.0007	8.94692E-8	-24.0007	-2.77801E-9	
-23.0002	7.77428E-8	-23.0002	-6.10495E-10	
-21.9992	6.65962E-8	-21.9992	-3.75307E-10	
-20.9989	5.60992E-8	-20.9989	-2.33293E-10	
-19.9995	4.72469E-8	-19.9995	-6.54936E-11	
-18.9996	3.76051E-8	-18.9996	7.38144E-11	
-17.9994	3.16302E-8	-17.9994	3.05426E-10	
-16.9996	2.5374E-8	-16.9996	4.11475E-10	
-15.9994	1.95113E-8	-15.9994	5.2743E-10	
-14.9998	1.54053E-8	-14.9998	5.60379E-10	
-13.9996	1.12193E-8	-13.9996	5.27549E-10	
-12.9999	8.49566E-9	-12.9999	5.41699E-10	
-11.9996	3.91713E-9	-11.9996	4.3577E-10	
-10.9998	4.7447E-9	-10.9998	5.26369E-10	
-9.99963	3.35295E-9	-9.99963	4.54092E-10	
-8.99946	2.94981E-9	-8.99946	4.18711E-10	
-7.99971	2.14599E-9	-7.99971	3.56042E-10	
-6.99943	2.02304E-9	-6.99943	3.89063E-10	
-5.99955	2.54314E-9	-5.99955	3.61538E-10	
-4.99949	2.8229E-9	-4.99949	3.69155E-10	
-3.99962	3.6626E-9	-3.99962	3.92139E-10	
-2.99953	5.50746E-9	-2.99953	4.2423E-10	
-2	8.31786E-9	-2	5.10597E-10	
-0.999963	1.27253E-8	-0.999963	7.31981E-10	
8.35657E-5	1.84595E-8	8.35657E-5	9.0946E-10	
8.23021E-5	1.77521E-8	8.23021E-5	4.60637E-10	
1.00008	2.87498E-8	1.00008	1.21785E-9	
2.00006	4.6126E-8	2.00006	1.95351E-9	
3.00032	7.29217E-8	3.00032	3.21313E-9	
4.00044	1.15641E-7	4.00044	5.30355E-9	
5.00031	1.68175E-7	5.00031	6.39737E-9	
6.00034	2.36111E-7	6.00034	9.18684E-9	
7.00049	3.19835E-7	7.00049	1.23904E-8	
8.00041	4.12115E-7	8.00041	1.5148E-8	
9.00049	5.1126E-7	9.00049	1.71449E-8	
10.0003	6.11647E-7	10.0003	2.01016E-8	
11.0004	7.10859E-7	11.0004	2.44645E-8	
12.0006	8.05537E-7	12.0006	2.91469E-8	
13.0004	8.93281E-7	13.0004	3.4181E-8	
14.0005	9.75731E-7	14.0005	4.03635E-8	
15.0004	1.05037E-6	15.0004	4.65794E-8	
16.0005	1.1197E-6	16.0005	5.33976E-8	
17.0006	1.18362E-6	17.0006	6.02837E-8	
18.0005	1.24374E-6	18.0005	6.76782E-8	
19.0007	1.30116E-6	19.0007	7.59356E-8	
20.0005	1.35785E-6	20.0005	8.46929E-8	
21.004	1.41482E-6	21.004	9.48406E-8	
22.0052	1.47376E-6	22.0052	1.02826E-7	
23.006	1.53395E-6	23.006	1.14017E-7	
24.0032	1.59848E-6	24.0032	1.24858E-7	
25.0036	1.66882E-6	25.0036	1.36782E-7	
26.0039	1.74262E-6	26.0039	1.49169E-7	
27.0041	1.82188E-6	27.0041	1.62683E-7	
28.0045	1.90604E-6	28.0045	1.77182E-7	
29.0054	1.99916E-6	29.0054	1.91761E-7	
30.0024	2.0884E-6	30.0024	2.0813E-7	
31.0028	2.18569E-6	31.0028	2.24456E-7	
32.0035	2.28696E-6	32.0035	2.42819E-7	
33.0032	2.39306E-6	33.0032	2.61396E-7	
34.0038	2.50354E-6	34.0038	2.77684E-7	
35.0049	2.61489E-6	35.0049	2.98385E-7	
36.0021	2.72762E-6	36.0021	3.20552E-7	
37.0024	2.84239E-6	37.0024	3.43572E-7	
38.003	2.95883E-6	38.003	3.69519E-7	
39.0034	3.07549E-6	39.0034	3.95571E-7	
40.0036	3.19022E-6	40.0036	4.26063E-7	
41.0041	3.30548E-6	41.0041	4.57348E-7	
42.0021	3.4212E-6	42.0021	4.88415E-7	
43.0027	3.53705E-6	43.0027	5.22649E-7	
44.0025	3.64872E-6	44.0025	5.57749E-7	
45.0032	3.76457E-6	45.0032	5.93081E-7	
46.0032	3.87928E-6	46.0032	6.21588E-7	
47.0035	3.99168E-6	47.0035	6.5978E-7	
48.0008	4.10273E-6	48.0008	6.95932E-7	
49.0017	4.21411E-6	49.0017	7.35426E-7	
50.0026	4.32154E-6	50.0026	7.7862E-7	
50.0022	4.30946E-6	50.0022	7.85004E-7	
49.0014	4.19206E-6	49.0014	7.45352E-7	
48.0009	4.07318E-6	48.0009	7.03149E-7	
47.0034	3.95634E-6	47.0034	6.60673E-7	
46.0028	3.83811E-6	46.0028	6.24005E-7	
45.0029	3.71951E-6	45.0029	5.88862E-7	
44.0021	3.6014E-6	44.0021	5.51585E-7	
43.0012	3.48351E-6	43.0012	5.15239E-7	
42.0012	3.36047E-6	42.0012	4.82749E-7	
41.0033	3.24482E-6	41.0033	4.51406E-7	
40.0033	3.12472E-6	40.0033	4.21486E-7	
39.0029	3.00296E-6	39.0029	3.94176E-7	
38.0025	2.88871E-6	38.0025	3.63602E-7	
37.0021	2.76874E-6	37.0021	3.38393E-7	
36.0015	2.65234E-6	36.0015	3.13602E-7	
35.0047	2.5373E-6	35.0047	2.90135E-7	
34.0038	2.42426E-6	34.0038	2.68505E-7	
33.0034	2.31614E-6	33.0034	2.46594E-7	
32.0033	2.2094E-6	32.0033	2.27373E-7	
31.0028	2.10852E-6	31.0028	2.09222E-7	
30.0017	2.01015E-6	30.0017	1.91912E-7	
29.0049	1.91683E-6	29.0049	1.75835E-7	
28.004	1.82926E-6	28.004	1.59989E-7	
27.0037	1.74468E-6	27.0037	1.4535E-7	
26.0036	1.66641E-6	26.0036	1.31942E-7	
25.0031	1.59293E-6	25.0031	1.19026E-7	
24.003	1.52555E-6	24.003	1.07305E-7	
23.0051	1.46303E-6	23.0051	9.91845E-8	
22.0047	1.39826E-6	22.0047	8.57871E-8	
21.0039	1.33976E-6	21.0039	7.55097E-8	
20.0002	1.28051E-6	20.0002	6.61237E-8	
19.0004	1.22264E-6	19.0004	5.74207E-8	
18.0003	1.16056E-6	18.0003	4.91204E-8	
17.0005	1.09519E-6	17.0005	4.17967E-8	
16.0004	1.02366E-6	16.0004	3.47643E-8	
15.0004	9.48429E-7	15.0004	2.83793E-8	
14.0005	8.62153E-7	14.0005	2.25448E-8	
13.0004	7.70011E-7	13.0004	1.74568E-8	
12.0006	6.74223E-7	12.0006	1.29296E-8	
11.0004	5.74212E-7	11.0004	8.95529E-9	
10.0002	4.76947E-7	10.0002	5.63583E-9	
9.00038	3.81265E-7	9.00038	1.92554E-9	
8.00026	2.93595E-7	8.00026	4.44305E-10	
7.00045	2.17826E-7	7.00045	-1.52481E-10	
6.00025	1.54204E-7	6.00025	-8.04484E-10	
5.00018	1.06801E-7	5.00018	-9.06408E-10	
4.00036	7.08582E-8	4.00036	-1.27561E-9	
3.00023	4.61755E-8	3.00023	-1.37289E-9	
2.00005	3.01814E-8	2.00005	-1.22824E-9	
1.00006	1.96351E-8	1.00006	-1.19958E-9	
7.46965E-5	1.28867E-8	7.46965E-5	-1.04672E-9	
7.12156E-5	1.32096E-8	7.12156E-5	-7.26747E-10	
-0.999954	8.36713E-9	-0.999954	-8.97658E-10	
-1.99998	5.68383E-9	-1.99998	-8.78477E-10	
-2.99946	3.98924E-9	-2.99946	-8.2202E-10	
-3.99961	2.73234E-9	-3.99961	-8.41606E-10	
-4.99943	2.21791E-9	-4.99943	-8.10242E-10	
-5.99957	1.94526E-9	-5.99957	-8.57937E-10	
-6.99946	1.9461E-9	-6.99946	-9.41467E-10	
-7.99973	2.53004E-9	-7.99973	-9.65893E-10	
-8.99946	3.32699E-9	-8.99946	-1.09802E-9	
-9.99969	4.64003E-9	-9.99969	-1.24077E-9	
-10.9998	6.55187E-9	-10.9998	-1.41571E-9	
-11.9997	8.94659E-9	-11.9997	-1.6922E-9	
-12.9999	1.20401E-8	-12.9999	-2.11008E-9	
-13.9998	1.59035E-8	-13.9998	-2.40552E-9	
-14.9999	2.11575E-8	-14.9999	-2.85937E-9	
-15.9997	2.6828E-8	-15.9997	-3.32961E-9	
-16.9998	3.22985E-8	-16.9998	-3.45635E-9	
-17.9997	3.99868E-8	-17.9997	-3.86961E-9	
-18.9997	4.76809E-8	-18.9997	-4.02532E-9	
-19.9996	5.79227E-8	-19.9996	-3.96817E-9	
-20.9985	6.62876E-8	-20.9985	-4.32138E-9	
-21.9996	7.75583E-8	-21.9996	-4.56898E-9	
-23.0001	8.87126E-8	-23.0001	-4.95682E-9	
-24.0008	1.05799E-7	-24.0008	-2.37268E-9	
-24.9976	1.1566E-7	-24.9976	-6.13557E-9	
-25.9981	1.2868E-7	-25.9981	-7.40283E-9	
-26.9987	1.44667E-7	-26.9987	-8.41053E-9	
-27.9985	1.58786E-7	-27.9985	-9.48091E-9	
-29.0003	1.76369E-7	-29.0003	-1.06624E-8	
-30.0002	1.93818E-7	-30.0002	-1.18899E-8	
-30.9977	2.11171E-7	-30.9977	-1.33693E-8	
-31.998	2.29681E-7	-31.998	-1.4899E-8	
-32.9984	2.48485E-7	-32.9984	-1.65801E-8	
-33.9991	2.67904E-7	-33.9991	-1.84082E-8	
-34.9999	2.87581E-7	-34.9999	-2.04019E-8	
-36.0005	3.07407E-7	-36.0005	-2.25541E-8	
-36.9973	3.28084E-7	-36.9973	-2.48421E-8	
-37.9969	3.49712E-7	-37.9969	-2.73907E-8	
-38.9979	3.71889E-7	-38.9979	-3.00569E-8	
-39.9983	3.94314E-7	-39.9983	-3.28935E-8	
-40.9988	4.173E-7	-40.9988	-3.6009E-8	
-41.9999	4.40838E-7	-41.9999	-3.92647E-8	
-42.9971	4.65083E-7	-42.9971	-4.27253E-8	
-43.9981	4.88855E-7	-43.9981	-4.65231E-8	
-44.9987	5.13275E-7	-44.9987	-5.03842E-8	
-45.9991	5.39693E-7	-45.9991	-5.44766E-8	
-46.9993	5.65659E-7	-46.9993	-5.88042E-8	
-47.9997	5.90668E-7	-47.9997	-6.33423E-8	
-48.9975	6.15695E-7	-48.9975	-6.81754E-8	
-49.9977	6.42729E-7	-49.9977	-7.30939E-8	
-49.9973	6.42465E-7	-49.9973	-7.26221E-8	
-48.998	6.14919E-7	-48.998	-6.69625E-8	
-48.0001	5.87654E-7	-48.0001	-6.19292E-8	
-46.9994	5.59996E-7	-46.9994	-5.72003E-8	
-45.9986	5.32517E-7	-45.9986	-5.26815E-8	
-44.9986	5.06943E-7	-44.9986	-4.84427E-8	
-43.9982	4.77546E-7	-43.9982	-4.44088E-8	
-42.9972	4.57355E-7	-42.9972	-4.06026E-8	
-42.0001	4.3065E-7	-42.0001	-3.72411E-8	
-40.9991	4.065E-7	-40.9991	-3.37679E-8	
-39.9989	3.83438E-7	-39.9989	-3.06104E-8	
-38.9984	3.60236E-7	-38.9984	-2.76031E-8	
-37.9983	3.38799E-7	-37.9983	-2.47234E-8	
-36.9976	3.16104E-7	-36.9976	-2.22967E-8	
-36.0007	2.96148E-7	-36.0007	-1.97137E-8	
-34.999	2.74339E-7	-34.999	-1.76457E-8	
-33.9985	2.55407E-7	-33.9985	-1.55476E-8	
-32.9982	2.36566E-7	-32.9982	-1.35689E-8	
-31.9975	2.17932E-7	-31.9975	-1.18738E-8	
-30.9911	1.99368E-7	-30.9911	-1.01933E-8	
-29.9887	1.82291E-7	-29.9887	-8.37781E-9	
-28.9866	1.6472E-7	-28.9866	-7.1316E-9	
-27.9984	1.49971E-7	-27.9984	-5.9556E-9	
-26.9978	1.33237E-7	-26.9978	-4.38915E-9	
-25.9975	1.18339E-7	-25.9975	-3.34008E-9	
-24.9978	1.05269E-7	-24.9978	-1.66999E-9	
-24	9.01407E-8	-24	-3.27612E-9	
-23	7.84667E-8	-23	-9.27913E-10	
-21.9991	6.57987E-8	-21.9991	-6.05845E-10	
-20.998	5.65475E-8	-20.998	-3.9947E-10	
-19.9994	4.75923E-8	-19.9994	-1.71828E-10	
-18.9996	3.92457E-8	-18.9996	-1.25515E-10	
-17.9995	3.20648E-8	-17.9995	4.20809E-12	
-16.9996	2.55762E-8	-16.9996	1.16909E-10	
-15.9995	1.96582E-8	-15.9995	2.12955E-10	
-14.9997	1.5739E-8	-14.9997	3.05748E-10	
-13.9995	1.17401E-8	-13.9995	3.34847E-10	
-12.9997	8.79045E-9	-12.9997	3.26622E-10	
-11.9996	6.28166E-9	-11.9996	2.74074E-10	
-10.9997	4.74508E-9	-10.9997	2.82323E-10	
-9.99956	3.59347E-9	-9.99956	2.56348E-10	
-8.99936	2.732E-9	-8.99936	2.01428E-10	
-7.99961	2.25943E-9	-7.99961	1.5558E-10	
-6.99943	2.10131E-9	-6.99943	1.72412E-10	
-5.99953	2.1516E-9	-5.99953	1.67203E-10	
-4.99951	2.18431E-9	-4.99951	2.01452E-10	
-3.99969	3.65918E-9	-3.99969	1.5794E-10	
-2.99953	4.89999E-9	-2.99953	3.12221E-10	
-2	7.70673E-9	-2	3.99482E-10	
-0.999978	1.14603E-8	-0.999978	5.76675E-10	
7.80582E-5	1.80461E-8	7.80582E-5	8.30185E-10	
7.92503E-5	1.77029E-8	7.92503E-5	3.47543E-10	
1.00008	2.80241E-8	1.00008	1.07365E-9	
2.00007	4.50331E-8	2.00007	1.87411E-9	
3.00034	7.12134E-8	3.00034	3.17069E-9	
4.00038	1.13383E-7	4.00038	5.02704E-9	
5.00026	1.65036E-7	5.00026	6.42856E-9	
6.00029	2.32823E-7	6.00029	9.233E-9	
7.00046	3.14964E-7	7.00046	1.23894E-8	
8.00031	4.06443E-7	8.00031	1.52961E-8	
9.00043	5.04832E-7	9.00043	1.7489E-8	
10.0002	6.05777E-7	10.0002	2.0582E-8	
11.0003	7.04743E-7	11.0003	2.48675E-8	
12.0006	7.99728E-7	12.0006	2.97677E-8	
13.0004	8.8824E-7	13.0004	3.50452E-8	
14.0005	9.70828E-7	14.0005	4.08472E-8	
15.0004	1.04465E-6	15.0004	4.7145E-8	
16.0005	1.11567E-6	16.0005	5.40268E-8	
17.0007	1.17936E-6	17.0007	6.10787E-8	
18.0005	1.23843E-6	18.0005	6.86848E-8	
19.0006	1.29505E-6	19.0006	7.67486E-8	
20.0004	1.3527E-6	20.0004	8.5276E-8	
21.004	1.41014E-6	21.004	9.44679E-8	
22.005	1.46863E-6	22.005	1.02921E-7	
23.0058	1.52901E-6	23.0058	1.13999E-7	
24.003	1.59312E-6	24.003	1.2499E-7	
25.0031	1.66061E-6	25.0031	1.37891E-7	
26.0038	1.73529E-6	26.0038	1.49565E-7	
27.0039	1.81445E-6	27.0039	1.62975E-7	
28.0046	1.89802E-6	28.0046	1.76585E-7	
29.0053	1.98649E-6	29.0053	1.91721E-7	
30.0026	2.07904E-6	30.0026	2.07657E-7	
31.0032	2.17694E-6	31.0032	2.23963E-7	
32.0035	2.2771E-6	32.0035	2.42482E-7	
33.0035	2.3821E-6	33.0035	2.61866E-7	
34.0041	2.4881E-6	34.0041	2.83934E-7	
35.0048	2.5977E-6	35.0048	3.07002E-7	
36.0019	2.70953E-6	36.0019	3.30316E-7	
37.003	2.82354E-6	37.003	3.5463E-7	
38.0032	2.93812E-6	38.0032	3.83156E-7	
39.0041	3.05194E-6	39.0041	4.10915E-7	
40.0036	3.16975E-6	40.0036	4.38591E-7	
41.004	3.2887E-6	41.004	4.68512E-7	
42.002	3.40378E-6	42.002	4.98931E-7	
43.0022	3.51764E-6	43.0022	5.32942E-7	
44.0028	3.632E-6	44.0028	5.66936E-7	
45.0032	3.74698E-6	45.0032	6.01545E-7	
46.004	3.86023E-6	46.004	6.37291E-7	
47.0041	3.97167E-6	47.0041	6.75525E-7	
48.0019	4.08405E-6	48.0019	7.11183E-7	
49.0025	4.19423E-6	49.0025	7.50122E-7	
50.0028	4.30913E-6	50.0028	7.80353E-7	
50.0024	4.30194E-6	50.0024	7.80767E-7	
49.0019	4.18224E-6	49.0019	7.41084E-7	
48.0014	4.06911E-6	48.0014	6.89633E-7	
47.0041	3.94899E-6	47.0041	6.53722E-7	
46.0034	3.82971E-6	46.0034	6.21204E-7	
45.0031	3.71193E-6	45.0031	5.82646E-7	
44.0032	3.59612E-6	44.0032	5.41721E-7	
43.0026	3.4791E-6	43.0026	5.06043E-7	
42.0018	3.3597E-6	42.0018	4.70745E-7	
41.0038	3.23883E-6	41.0038	4.41759E-7	
40.0034	3.11724E-6	40.0034	4.15879E-7	
39.0033	2.99742E-6	39.0033	3.88006E-7	
38.0027	2.87917E-6	38.0027	3.60358E-7	
37.0024	2.76216E-6	37.0024	3.34398E-7	
36.0016	2.64494E-6	36.0016	3.09931E-7	
35.0051	2.52984E-6	35.0051	2.87077E-7	
34.0033	2.41651E-6	34.0033	2.6435E-7	
33.0032	2.31073E-6	33.0032	2.43355E-7	
32.0032	2.20459E-6	32.0032	2.24092E-7	
31.0026	2.10291E-6	31.0026	2.05436E-7	
30.002	2.00517E-6	30.002	1.87904E-7	
29.0048	1.91176E-6	29.0048	1.73417E-7	
28.004	1.8233E-6	28.004	1.57915E-7	
27.0036	1.74045E-6	27.0036	1.43368E-7	
26.0034	1.6621E-6	26.0034	1.30625E-7	
25.0031	1.59014E-6	25.0031	1.17844E-7	
24.003	1.52024E-6	24.003	1.05516E-7	
23.0051	1.45929E-6	23.0051	9.75694E-8	
22.0043	1.39601E-6	22.0043	8.45219E-8	
21.0037	1.33717E-6	21.0037	7.44007E-8	
20.0002	1.2778E-6	20.0002	6.52449E-8	
19.0004	1.21903E-6	19.0004	5.67837E-8	
18.0003	1.15753E-6	18.0003	4.84197E-8	
17.0005	1.09125E-6	17.0005	4.09257E-8	
16.0004	1.02003E-6	16.0004	3.38537E-8	
15.0003	9.44987E-7	15.0003	2.74623E-8	
14.0005	8.5791E-7	14.0005	2.20742E-8	
13.0003	7.66402E-7	13.0003	1.6941E-8	
12.0006	6.70665E-7	12.0006	1.26738E-8	
11.0004	5.72904E-7	11.0004	9.74071E-9	
10.0003	4.7298E-7	10.0003	5.93284E-9	
9.00047	3.7919E-7	9.00047	2.79003E-9	
8.00037	2.91607E-7	8.00037	6.63161E-10	
7.00056	2.15378E-7	7.00056	8.10027E-11	
6.00035	1.5362E-7	6.00035	7.27177E-13	
5.00031	1.04571E-7	5.00031	-8.83257E-10	
4.0004	7.01605E-8	4.0004	-9.37104E-10	
3.00029	4.46933E-8	3.00029	-9.45508E-10	
2.00006	2.99325E-8	2.00006	-9.37068E-10	
1.00008	1.93924E-8	1.00008	-8.76868E-10	
8.34703E-5	1.2924E-8	8.34703E-5	-7.70783E-10	
8.29697E-5	1.31475E-8	8.29697E-5	-3.97027E-10	
-0.999964	8.76859E-9	-0.999964	-6.52671E-10	
-1.99999	5.70427E-9	-1.99999	-6.92296E-10	
-2.99949	3.79317E-9	-2.99949	-7.16567E-10	
-3.99961	2.88934E-9	-3.99961	-7.90906E-10	
-4.99943	2.38277E-9	-4.99943	-8.81767E-10	
-5.99955	1.68484E-9	-5.99955	-9.84597E-10	
-6.99935	2.16E-9	-6.99935	-1.0974E-9	
-7.99961	2.44616E-9	-7.99961	-1.28477E-9	
-8.9994	3.64547E-9	-8.9994	-1.47492E-9	
-9.99954	5.03438E-9	-9.99954	-1.61651E-9	
-10.9998	6.91622E-9	-10.9998	-2.13141E-9	
-11.9996	9.38357E-9	-11.9996	-2.40581E-9	
-12.9998	1.22658E-8	-12.9998	-2.79549E-9	
-13.9997	1.61949E-8	-13.9997	-3.25266E-9	
-14.9999	2.09506E-8	-14.9999	-3.75857E-9	
-15.9996	2.65685E-8	-15.9996	-4.22651E-9	
-16.9997	3.3013E-8	-16.9997	-4.60575E-9	
-17.9996	3.97425E-8	-17.9996	-5.04448E-9	
-18.9997	4.7911E-8	-18.9997	-5.36015E-9	
-19.9995	5.72381E-8	-19.9995	-5.4949E-9	
-20.998	6.66248E-8	-20.998	-6.01476E-9	
-21.9991	7.75145E-8	-21.9991	-5.9701E-9	
-23	8.89421E-8	-23	-6.63822E-9	
-23.9995	1.07128E-7	-23.9995	-4.58405E-9	
-24.9969	1.13965E-7	-24.9969	-8.66725E-9	
-25.9969	1.2994E-7	-25.9969	-9.59488E-9	
-26.9984	1.45236E-7	-26.9984	-1.06121E-8	
-27.9983	1.6074E-7	-27.9983	-1.17915E-8	
-28.999	1.77434E-7	-28.999	-1.30199E-8	
-29.9999	1.9477E-7	-29.9999	-1.44159E-8	
-30.9973	2.11817E-7	-30.9973	-1.59191E-8	
-31.9973	2.30705E-7	-31.9973	-1.77199E-8	
-32.9982	2.49072E-7	-32.9982	-1.95185E-8	
-33.999	2.68671E-7	-33.999	-2.14762E-8	
-34.9997	2.88594E-7	-34.9997	-2.35911E-8	
-36.0006	3.09597E-7	-36.0006	-2.58276E-8	
-36.9976	3.30318E-7	-36.9976	-2.82664E-8	
-37.9979	3.51662E-7	-37.9979	-3.09588E-8	
-38.9981	3.73674E-7	-38.9981	-3.3791E-8	
-39.9989	3.96047E-7	-39.9989	-3.68024E-8	
-40.9992	4.19042E-7	-40.9992	-4.01026E-8	
-42	4.42236E-7	-42	-4.33893E-8	
-42.9969	4.66433E-7	-42.9969	-4.70204E-8	
-43.9982	4.90308E-7	-43.9982	-5.09047E-8	
-44.9985	5.1598E-7	-44.9985	-5.48406E-8	
-45.9987	5.38963E-7	-45.9987	-5.9153E-8	
-46.9991	5.65844E-7	-46.9991	-6.34999E-8	
-47.9996	5.91746E-7	-47.9996	-6.84312E-8	
-48.997	6.17962E-7	-48.997	-7.34986E-8	
-49.9969	6.44367E-7	-49.9969	-7.85969E-8	
-49.9969	6.4391E-7	-49.9969	-7.79893E-8	
-48.9972	6.1616E-7	-48.9972	-7.22302E-8	
-47.9994	5.88901E-7	-47.9994	-6.70181E-8	
-46.9989	5.61157E-7	-46.9989	-6.22067E-8	
-45.9982	5.34461E-7	-45.9982	-5.74469E-8	
-44.9979	5.0836E-7	-44.9979	-5.29765E-8	
-43.9975	4.82465E-7	-43.9975	-4.87716E-8	
-42.9964	4.57369E-7	-42.9964	-4.4766E-8	
-41.9996	4.32985E-7	-41.9996	-4.11433E-8	
-40.9986	4.09181E-7	-40.9986	-3.76229E-8	
-39.9982	3.86011E-7	-39.9982	-3.43636E-8	
-38.9977	3.63365E-7	-38.9977	-3.13344E-8	
-37.9972	3.40106E-7	-37.9972	-2.85158E-8	
-36.9971	3.1921E-7	-36.9971	-2.57987E-8	
-36.0002	2.98354E-7	-36.0002	-2.32924E-8	
-34.9989	2.78825E-7	-34.9989	-2.09242E-8	
-33.9983	2.57449E-7	-33.9983	-1.88735E-8	
-32.998	2.38923E-7	-32.998	-1.67189E-8	
-31.9974	2.20115E-7	-31.9974	-1.49116E-8	
-30.9911	2.01333E-7	-30.9911	-1.31239E-8	
-29.9898	1.82996E-7	-29.9898	-1.17199E-8	
-28.9867	1.66548E-7	-28.9867	-1.01342E-8	
-27.9988	1.51057E-7	-27.9988	-8.94576E-9	
-26.9984	1.35213E-7	-26.9984	-7.63327E-9	
-25.9972	1.20623E-7	-25.9972	-6.43506E-9	
-24.997	1.08634E-7	-24.997	-5.46397E-9	
-23.9998	9.0747E-8	-23.9998	-6.09881E-9	
-22.9998	7.98805E-8	-22.9998	-4.57755E-9	
-21.9988	6.81488E-8	-21.9988	-3.8919E-9	
-20.998	5.76576E-8	-20.998	-3.05971E-9	
-19.9995	4.82058E-8	-19.9995	-2.46873E-9	
-18.9996	3.99652E-8	-18.9996	-1.78744E-9	
-17.9995	3.23229E-8	-17.9995	-1.24424E-9	
-16.9996	2.59614E-8	-16.9996	-8.91924E-10	
-15.9995	2.03158E-8	-15.9995	-7.2422E-10	
-14.9997	1.54574E-8	-14.9997	-6.13368E-10	
-13.9996	1.17615E-8	-13.9996	-5.45538E-10	
-12.9998	8.81938E-9	-12.9998	-5.14328E-10	
-11.9996	6.55602E-9	-11.9996	-4.75276E-10	
-10.9997	4.53335E-9	-10.9997	-4.15564E-10	
-9.99959	3.6384E-9	-9.99959	-4.29535E-10	
-8.99942	3.11135E-9	-8.99942	-3.11542E-10	
-7.9997	2.10488E-9	-7.9997	-3.80731E-10	
-6.99945	1.83243E-9	-6.99945	-3.42143E-10	
-5.99961	2.13847E-9	-5.99961	-3.10493E-10	
-4.99952	2.37197E-9	-4.99952	-2.70104E-10	
-3.99965	3.71373E-9	-3.99965	-2.28691E-10	
-2.99954	5.15639E-9	-2.99954	-1.47438E-10	
-1.99999	7.19678E-9	-1.99999	-8.47697E-11	
-0.999961	1.14458E-8	-0.999961	7.66635E-11	
7.61032E-5	1.7702E-8	7.61032E-5	2.85351E-10	
8.02755E-5	1.75097E-8	8.02755E-5	-1.15645E-10	
1.00006	2.80292E-8	1.00006	6.25145E-10	
2.00005	4.53464E-8	2.00005	1.46773E-9	
3.0003	7.17274E-8	3.0003	2.9581E-9	
4.00039	1.13704E-7	4.00039	5.59958E-9	
5.00025	1.65874E-7	5.00025	6.87984E-9	
6.00027	2.33951E-7	6.00027	9.77942E-9	
7.00041	3.14876E-7	7.00041	1.31825E-8	
8.00029	4.07242E-7	8.00029	1.61758E-8	
9.0004	5.03874E-7	9.0004	1.83889E-8	
10.0002	6.06561E-7	10.0002	2.15255E-8	
11.0004	7.05464E-7	11.0004	2.58459E-8	
12.0006	7.99309E-7	12.0006	3.08529E-8	
13.0003	8.88931E-7	13.0003	3.60923E-8	
14.0005	9.71295E-7	14.0005	4.23587E-8	
15.0003	1.04507E-6	15.0003	4.89685E-8	
16.0004	1.11527E-6	16.0004	5.59076E-8	
17.0006	1.17895E-6	17.0006	6.31115E-8	
18.0004	1.23862E-6	18.0004	7.06899E-8	
19.0005	1.2956E-6	19.0005	7.89426E-8	
20.0003	1.35195E-6	20.0003	8.77102E-8	
21.0035	1.40994E-6	21.0035	9.73477E-8	
22.0045	1.46696E-6	22.0045	1.06098E-7	
23.0052	1.52688E-6	23.0052	1.17862E-7	
24.0023	1.59146E-6	24.0023	1.28472E-7	
25.0026	1.66124E-6	25.0026	1.39814E-7	
26.0033	1.73517E-6	26.0033	1.52432E-7	
27.0031	1.81374E-6	27.0031	1.66045E-7	
28.0039	1.89907E-6	28.0039	1.80118E-7	
29.0047	1.9868E-6	29.0047	1.94798E-7	
30.0019	2.07929E-6	30.0019	2.11155E-7	
31.0024	2.17613E-6	31.0024	2.28733E-7	
32.003	2.27777E-6	32.003	2.4697E-7	
33.0035	2.38116E-6	33.0035	2.66812E-7	
34.0041	2.48969E-6	34.0041	2.872E-7	
35.005	2.60158E-6	35.005	3.05847E-7	
36.0021	2.71407E-6	36.0021	3.28521E-7	
37.0028	2.82854E-6	37.0028	3.53481E-7	
38.0034	2.94325E-6	38.0034	3.78772E-7	
39.0033	3.05919E-6	39.0033	4.06609E-7	
40.0037	3.17653E-6	40.0037	4.3225E-7	
41.0044	3.2934E-6	41.0044	4.6122E-7	
42.0017	3.41122E-6	42.0017	4.88457E-7	
43.0011	3.5283E-6	43.0011	5.1788E-7	
44.0026	3.64112E-6	44.0026	5.5681E-7	
45.0028	3.75467E-6	45.0028	5.9379E-7	
46.004	3.86798E-6	46.004	6.31787E-7	
47.004	3.97746E-6	47.004	6.70146E-7	
48.0013	4.09239E-6	48.0013	7.03293E-7	
49.0021	4.20079E-6	49.0021	7.4717E-7	
50.0022	4.30811E-6	50.0022	7.88117E-7	
50.0025	4.30264E-6	50.0025	7.85963E-7	
49.0014	4.18479E-6	49.0014	7.44489E-7	
48.0015	4.06788E-6	48.0015	7.03443E-7	
47.004	3.94887E-6	47.004	6.62152E-7	
46.0037	3.83501E-6	46.0037	6.22068E-7	
45.0031	3.71662E-6	45.0031	5.83823E-7	
44.0027	3.59734E-6	44.0027	5.46775E-7	
43.0027	3.47919E-6	43.0027	5.12983E-7	
42.0022	3.36234E-6	42.0022	4.75962E-7	
41.0044	3.24192E-6	41.0044	4.45395E-7	
40.0041	3.1221E-6	40.0041	4.14093E-7	
39.0036	3.00112E-6	39.0036	3.8742E-7	
38.0029	2.88196E-6	38.0029	3.5982E-7	
37.0022	2.76443E-6	37.0022	3.34077E-7	
36.0019	2.64829E-6	36.0019	3.09154E-7	
35.0045	2.53346E-6	35.0045	2.8629E-7	
34.0042	2.4209E-6	34.0042	2.6337E-7	
33.0034	2.31181E-6	33.0034	2.43725E-7	
32.0034	2.20595E-6	32.0034	2.24201E-7	
31.0032	2.10379E-6	31.0032	2.06125E-7	
30.0015	2.00685E-6	30.0015	1.88859E-7	
29.0045	1.91414E-6	29.0045	1.72852E-7	
28.0037	1.8256E-6	28.0037	1.57849E-7	
27.0033	1.74212E-6	27.0033	1.44055E-7	
26.0031	1.66374E-6	26.0031	1.3077E-7	
25.0024	1.59118E-6	25.0024	1.17991E-7	
24.0023	1.52385E-6	24.0023	1.06302E-7	
23.0048	1.45995E-6	23.0048	9.8869E-8	
22.0042	1.39622E-6	22.0042	8.74973E-8	
21.0037	1.33721E-6	21.0037	7.5256E-8	
20.0002	1.27827E-6	20.0002	6.61424E-8	
19.0004	1.21998E-6	19.0004	5.75768E-8	
18.0003	1.15795E-6	18.0003	4.95504E-8	
17.0005	1.09192E-6	17.0005	4.22682E-8	
16.0003	1.02064E-6	16.0003	3.55503E-8	
15.0002	9.44899E-7	15.0002	2.91728E-8	
14.0005	8.58419E-7	14.0005	2.35529E-8	
13.0003	7.66651E-7	13.0003	1.83812E-8	
12.0005	6.69687E-7	12.0005	1.39299E-8	
11.0003	5.70242E-7	11.0003	1.02256E-8	
10.0002	4.71886E-7	10.0002	7.11546E-9	
9.00032	3.77253E-7	9.00032	4.47545E-9	
8.00026	2.9056E-7	8.00026	1.6891E-9	
7.00039	2.1484E-7	7.00039	4.54068E-10	
6.00017	1.52215E-7	6.00017	7.35879E-11	
5.00015	1.03615E-7	5.00015	-2.48575E-10	
4.00031	7.06261E-8	4.00031	-4.47702E-10	
3.0002	4.52863E-8	3.0002	-5.90038E-10	
2.00003	2.95302E-8	2.00003	-5.61905E-10	
1.00005	1.93538E-8	1.00005	-5.19419E-10	
7.33852E-5	1.28037E-8	7.33852E-5	-5.60939E-10	
7.43866E-5	1.32301E-8	7.43866E-5	-2.04408E-10	
-0.999967	8.25202E-9	-0.999967	-5.48029E-10	
-1.99999	5.6881E-9	-1.99999	-5.61941E-10	
-2.9995	3.50567E-9	-2.9995	-6.72817E-10	
-3.99968	3.09559E-9	-3.99968	-7.75981E-10	
-4.9995	2.6009E-9	-4.9995	-9.21476E-10	
-5.99957	1.89006E-9	-5.99957	-1.18701E-9	
-6.99946	2.12274E-9	-6.99946	-1.58339E-9	
-7.99969	2.7055E-9	-7.99969	-1.93241E-9	
-8.99949	3.73199E-9	-8.99949	-2.32898E-9	
-9.99966	2.72762E-9	-9.99966	-2.88801E-9	
-10.9998	6.53719E-9	-10.9998	-3.28563E-9	
-11.9996	9.51505E-9	-11.9996	-3.84164E-9	
-12.9998	1.2232E-8	-12.9998	-4.46147E-9	
-13.9997	1.60307E-8	-13.9997	-5.1568E-9	
-14.9998	2.09843E-8	-14.9998	-5.88799E-9	
-15.9996	2.68491E-8	-15.9996	-6.62596E-9	
-16.9997	3.29021E-8	-16.9997	-7.15156E-9	
-17.9996	4.05813E-8	-17.9996	-7.75548E-9	
-18.9997	4.85752E-8	-18.9997	-8.27931E-9	
-19.9995	5.73673E-8	-19.9995	-8.55768E-9	
-20.9981	6.6927E-8	-20.9981	-9.21974E-9	
-21.9989	7.85858E-8	-21.9989	-9.72574E-9	
-23	8.99444E-8	-23	-1.05559E-8	
-24.0004	1.06645E-7	-24.0004	-1.02398E-8	
-24.9974	1.16064E-7	-24.9974	-1.31955E-8	
-25.9978	1.30476E-7	-25.9978	-1.43047E-8	
-26.9981	1.45314E-7	-26.9981	-1.55599E-8	
-27.9989	1.60565E-7	-27.9989	-1.69448E-8	
-28.9999	1.7775E-7	-28.9999	-1.84016E-8	
-30.0001	1.94797E-7	-30.0001	-2.00817E-8	
-30.9976	2.12299E-7	-30.9976	-2.17644E-8	
-31.9978	2.3007E-7	-31.9978	-2.37259E-8	
-32.9976	2.49322E-7	-32.9976	-2.57114E-8	
-33.999	2.69122E-7	-33.999	-2.79577E-8	
-34.9994	2.89096E-7	-34.9994	-3.03152E-8	
-36.0004	3.1022E-7	-36.0004	-3.26752E-8	
-36.9978	3.30609E-7	-36.9978	-3.55077E-8	
-37.9979	3.52645E-7	-37.9979	-3.84408E-8	
-38.998	3.73992E-7	-38.998	-4.16253E-8	
-39.9988	3.9718E-7	-39.9988	-4.49465E-8	
-40.9994	4.20839E-7	-40.9994	-4.84799E-8	
-42.0001	4.4377E-7	-42.0001	-5.21694E-8	
-42.9972	4.68094E-7	-42.9972	-5.60602E-8	
-43.9983	4.91804E-7	-43.9983	-6.02665E-8	
-44.9987	5.16912E-7	-44.9987	-6.46954E-8	
-45.9988	5.42492E-7	-45.9988	-6.93138E-8	
-46.9993	5.6794E-7	-46.9993	-7.43007E-8	
-47.9999	5.93507E-7	-47.9999	-7.95205E-8	
-48.9974	6.18388E-7	-48.9974	-8.51356E-8	
-49.9978	6.46058E-7	-49.9978	-9.09398E-8	
-49.9977	6.44667E-7	-49.9977	-9.07414E-8	
-48.9975	6.18058E-7	-48.9975	-8.4572E-8	
-47.9996	5.89586E-7	-47.9996	-7.93067E-8	
-46.9991	5.63093E-7	-46.9991	-7.4282E-8	
-45.999	5.3547E-7	-45.999	-6.95501E-8	
-44.9988	5.09709E-7	-44.9988	-6.49624E-8	
-43.998	4.83655E-7	-43.998	-6.06029E-8	
-42.9971	4.55399E-7	-42.9971	-5.65162E-8	
-42.0005	4.34518E-7	-42.0005	-5.25298E-8	
-40.9987	4.10506E-7	-40.9987	-4.89198E-8	
-39.9983	3.86756E-7	-39.9983	-4.53849E-8	
-38.9975	3.63667E-7	-38.9975	-4.20343E-8	
-37.9978	3.41331E-7	-37.9978	-3.88597E-8	
-36.9968	3.19927E-7	-36.9968	-3.58433E-8	
-36.0002	2.98692E-7	-36.0002	-3.30387E-8	
-34.9995	2.77456E-7	-34.9995	-3.03896E-8	
-33.9987	2.57961E-7	-33.9987	-2.78744E-8	
-32.9976	2.37705E-7	-32.9976	-2.55374E-8	
-31.9972	2.19259E-7	-31.9972	-2.33725E-8	
-30.9907	2.00924E-7	-30.9907	-2.1208E-8	
-29.9893	1.83192E-7	-29.9893	-1.92679E-8	
-28.987	1.66921E-7	-28.987	-1.76514E-8	
-27.9985	1.51678E-7	-27.9985	-1.61447E-8	
-26.9978	1.35786E-7	-26.9978	-1.45848E-8	
-25.9977	1.21409E-7	-25.9977	-1.32646E-8	
-24.9972	1.0776E-7	-24.9972	-1.1961E-8	
-23.9996	9.09768E-8	-23.9996	-1.21582E-8	
-22.9997	8.05072E-8	-22.9997	-1.02986E-8	
-21.9991	6.94128E-8	-21.9991	-9.19266E-9	
-20.9982	5.86751E-8	-20.9982	-8.10405E-9	
-19.9995	4.96142E-8	-19.9995	-7.24033E-9	
-18.9996	4.12097E-8	-18.9996	-6.50032E-9	
-17.9995	3.38461E-8	-17.9995	-5.80217E-9	
-16.9997	2.72107E-8	-16.9997	-5.16981E-9	
-15.9996	2.17061E-8	-15.9996	-4.5856E-9	
-14.9997	1.69421E-8	-14.9997	-4.09298E-9	
-13.9996	1.30636E-8	-13.9996	-3.56621E-9	
-12.9998	9.74076E-9	-12.9998	-3.12289E-9	
-11.9996	7.61513E-9	-11.9996	-2.57202E-9	
-10.9998	5.32644E-9	-10.9998	-2.13631E-9	
-9.99962	3.72128E-9	-9.99962	-1.51376E-9	
-8.99939	2.54495E-9	-8.99939	-9.73976E-10	
-7.99969	2.14815E-9	-7.99969	-6.00946E-10	
-6.99949	2.00225E-9	-6.99949	-4.20463E-10	
-5.99967	1.89694E-9	-5.99967	-2.85757E-10	
-4.9995	2.17106E-9	-4.9995	-7.94411E-11	
-3.99967	2.91997E-9	-3.99967	6.16312E-12	
-2.9995	4.79293E-9	-2.9995	2.52461E-10	
-1.99999	7.17252E-9	-1.99999	5.44953E-10	
-0.999964	1.12368E-8	-0.999964	9.40895E-10	
7.7939E-5	1.75543E-8	7.7939E-5	1.38469E-9	
8.00371E-5	1.72904E-8	8.00371E-5	9.89175E-10	
1.00007	2.76752E-8	1.00007	1.83773E-9	
2.00005	4.39939E-8	2.00005	2.70045E-9	
3.0002	7.01522E-8	3.0002	4.00577E-9	
4.00032	1.11434E-7	4.00032	6.87779E-9	
5.00019	1.62998E-7	5.00019	8.14738E-9	
6.00027	2.30905E-7	6.00027	1.11101E-8	
7.00049	3.11435E-7	7.00049	1.46879E-8	
8.00031	4.02736E-7	8.00031	1.81615E-8	
9.0004	5.0241E-7	9.0004	2.07902E-8	
10.0002	6.02169E-7	10.0002	2.42458E-8	
11.0003	7.01003E-7	11.0003	2.88664E-8	
12.0006	7.96126E-7	12.0006	3.40715E-8	
13.0004	8.86219E-7	13.0004	3.97617E-8	
14.0005	9.68016E-7	14.0005	4.62479E-8	
15.0004	1.04129E-6	15.0004	5.3018E-8	
16.0004	1.11208E-6	16.0004	6.02247E-8	
17.0006	1.17598E-6	17.0006	6.80591E-8	
18.0004	1.23523E-6	18.0004	7.56617E-8	
19.0005	1.29279E-6	19.0005	8.41415E-8	
20.0003	1.3492E-6	20.0003	9.30254E-8	
21.0038	1.40722E-6	21.0038	1.02803E-7	
22.0046	1.4637E-6	22.0046	1.13709E-7	
23.0055	1.52506E-6	23.0055	1.24487E-7	
24.0028	1.58937E-6	24.0028	1.35853E-7	
25.0029	1.6576E-6	25.0029	1.47834E-7	
26.0033	1.73115E-6	26.0033	1.61093E-7	
27.0039	1.80867E-6	27.0039	1.74946E-7	
28.0043	1.89374E-6	28.0043	1.89722E-7	
29.0052	1.98225E-6	29.0052	2.0618E-7	
30.0024	2.07548E-6	30.0024	2.21803E-7	
31.0029	2.17266E-6	31.0029	2.38993E-7	
32.0038	2.27437E-6	32.0038	2.57535E-7	
33.0038	2.37998E-6	33.0038	2.78399E-7	
34.0043	2.48776E-6	34.0043	2.9813E-7	
35.0049	2.59836E-6	35.0049	3.19974E-7	
36.0013	2.70973E-6	36.0013	3.42048E-7	
37.0024	2.82432E-6	37.0024	3.66934E-7	
38.0028	2.93947E-6	38.0028	3.92952E-7	
39.0042	3.05523E-6	39.0042	4.21523E-7	
40.0044	3.17337E-6	40.0044	4.47E-7	
41.0038	3.29147E-6	41.0038	4.74715E-7	
42.0016	3.40394E-6	42.0016	5.15453E-7	
43.0013	3.52367E-6	43.0013	5.40526E-7	
44.0025	3.63951E-6	44.0025	5.73883E-7	
45.0029	3.75422E-6	45.0029	6.09136E-7	
46.0036	3.86353E-6	46.0036	6.50929E-7	
47.0036	3.97622E-6	47.0036	6.89178E-7	
48.0015	4.09019E-6	48.0015	7.22595E-7	
49.0016	4.1965E-6	49.0016	7.70822E-7	
50.0023	4.30419E-6	50.0023	8.11379E-7	
50.0022	4.30115E-6	50.0022	8.06237E-7	
49.0018	4.18228E-6	49.0018	7.61123E-7	
48.0006	4.06589E-6	48.0006	7.17084E-7	
47.0034	3.94475E-6	47.0034	6.80764E-7	
46.0036	3.83025E-6	46.0036	6.40057E-7	
45.0026	3.71395E-6	45.0026	5.98824E-7	
44.0021	3.59027E-6	44.0021	5.69628E-7	
43.0022	3.47258E-6	43.0022	5.35069E-7	
42.0011	3.35384E-6	42.0011	5.01043E-7	
41.0039	3.23395E-6	41.0039	4.69795E-7	
40.0027	3.11557E-6	40.0027	4.34712E-7	
39.0032	2.99391E-6	39.0032	4.09006E-7	
38.0024	2.87964E-6	38.0024	3.80329E-7	
37.0018	2.75782E-6	37.0018	3.53566E-7	
36.0018	2.64122E-6	36.0018	3.30204E-7	
35.0041	2.52723E-6	35.0041	3.06085E-7	
34.0034	2.41586E-6	34.0034	2.82544E-7	
33.003	2.3068E-6	33.003	2.61444E-7	
32.0028	2.20038E-6	32.0028	2.4253E-7	
31.0026	2.09831E-6	31.0026	2.23606E-7	
30.0019	2.00051E-6	30.0019	2.06253E-7	
29.0043	1.90937E-6	29.0043	1.89252E-7	
28.0037	1.81967E-6	28.0037	1.73539E-7	
27.0035	1.73695E-6	27.0035	1.58996E-7	
26.0033	1.65917E-6	26.0033	1.44933E-7	
25.0029	1.58169E-6	25.0029	1.31985E-7	
24.0029	1.51901E-6	24.0029	1.19509E-7	
23.0051	1.45614E-6	23.0051	1.07665E-7	
22.0047	1.39488E-6	22.0047	1.02249E-7	
21.0033	1.33565E-6	21.0033	8.9794E-8	
20.0002	1.2747E-6	20.0002	7.68137E-8	
19.0004	1.2159E-6	19.0004	6.74784E-8	
18.0003	1.15438E-6	18.0003	5.88033E-8	
17.0005	1.08846E-6	17.0005	5.05964E-8	
16.0004	1.01807E-6	16.0004	4.30565E-8	
15.0003	9.4231E-7	15.0003	3.58985E-8	
14.0004	8.55799E-7	14.0004	2.96985E-8	
13.0003	7.64958E-7	13.0003	2.38139E-8	
12.0006	6.67767E-7	12.0006	1.87093E-8	
11.0003	5.68426E-7	11.0003	1.42893E-8	
10.0002	4.68772E-7	10.0002	1.02044E-8	
9.0004	3.7453E-7	9.0004	7.13588E-9	
8.00026	2.88219E-7	8.00026	4.0923E-9	
7.0004	2.1349E-7	7.0004	1.28936E-9	
6.00027	1.51361E-7	6.00027	3.00097E-10	
5.00019	1.02984E-7	5.00019	-1.63031E-10	
4.0003	6.93023E-8	4.0003	-1.17599E-9	
3.00021	4.48657E-8	3.00021	-1.46766E-9	
2.00005	2.95176E-8	2.00005	-1.64064E-9	
1.00006	1.96315E-8	1.00006	-1.82449E-9	
8.57115E-5	1.29608E-8	8.57115E-5	-2.02003E-9	
8.04186E-5	1.33751E-8	8.04186E-5	-1.66718E-9